{
 "cells": [
  {
   "cell_type": "code",
   "execution_count": 8,
   "metadata": {},
   "outputs": [
    {
     "data": {
      "text/latex": [
       "$\\displaystyle \\text{Iteration: } 1$"
      ],
      "text/plain": [
       "<IPython.core.display.Math object>"
      ]
     },
     "metadata": {},
     "output_type": "display_data"
    },
    {
     "data": {
      "text/latex": [
       "$\\displaystyle \\text{{QR-Zerlegung von }} Dg(\\lambda_{0}) = Q_0 \\cdot R_0:$"
      ],
      "text/plain": [
       "<IPython.core.display.Math object>"
      ]
     },
     "metadata": {},
     "output_type": "display_data"
    },
    {
     "data": {
      "text/latex": [
       "$\\displaystyle \\text{{Q}}_0= \\left[\\begin{matrix}-0.101045747902065 & -0.199234423190965 & 0.395956836787454\\\\-0.219173918993805 & -0.334715791813266 & 0.479086569614665\\\\-0.407737874560386 & -0.422865798371582 & 0.249588871475356\\\\-0.575120960411358 & -0.250230231475244 & -0.328165919992477\\\\-0.554647863339939 & 0.245295320235891 & -0.439064603259746\\\\-0.370275578860862 & 0.739371717757965 & 0.500928179055279\\end{matrix}\\right]$"
      ],
      "text/plain": [
       "<IPython.core.display.Math object>"
      ]
     },
     "metadata": {},
     "output_type": "display_data"
    },
    {
     "data": {
      "text/latex": [
       "$\\displaystyle \\text{{R}}_0= \\left[\\begin{matrix}9.89650748064343 & 1.80426948988836 & 559834.100919438\\\\0 & -0.915071588045305 & -180966.053409729\\\\0 & 0 & 51809.1525497861\\end{matrix}\\right]$"
      ],
      "text/plain": [
       "<IPython.core.display.Math object>"
      ]
     },
     "metadata": {},
     "output_type": "display_data"
    },
    {
     "data": {
      "text/latex": [
       "$\\displaystyle Dg(\\lambda_{0}) = \\left[\\begin{matrix}-1.0 & 0 & 0\\\\-2.16905632888412 & -0.0891599038613763 & -37307.7688568069\\\\-4.03518092572851 & -0.3487165292953 & -138810.223845061\\\\-5.69168888698584 & -0.808694626572506 & -293691.146568469\\\\-5.4890767286666 & -1.22519699568436 & -377648.478932262\\\\-3.6644350360961 & -1.34465498171397 & -315141.413104265\\end{matrix}\\right]$"
      ],
      "text/plain": [
       "<IPython.core.display.Math object>"
      ]
     },
     "metadata": {},
     "output_type": "display_data"
    },
    {
     "name": "stdout",
     "output_type": "stream",
     "text": [
      "\n"
     ]
    },
    {
     "data": {
      "text/latex": [
       "$\\displaystyle \\text{{Auflösen nach }} \\delta_0\\text{{ mit }} R_0\\cdot \\delta_0= -Q_0^T \\cdot g(\\lambda_0):$"
      ],
      "text/plain": [
       "<IPython.core.display.Math object>"
      ]
     },
     "metadata": {},
     "output_type": "display_data"
    },
    {
     "data": {
      "text/latex": [
       "$\\displaystyle Q_0^T\\left[\\begin{matrix}-0.101045747902065 & -0.219173918993805 & -0.407737874560386 & -0.575120960411358 & -0.554647863339939 & -0.370275578860862\\\\-0.199234423190965 & -0.334715791813266 & -0.422865798371582 & -0.250230231475244 & 0.245295320235891 & 0.739371717757965\\\\0.395956836787454 & 0.479086569614665 & 0.249588871475356 & -0.328165919992477 & -0.439064603259746 & 0.500928179055279\\end{matrix}\\right]$"
      ],
      "text/plain": [
       "<IPython.core.display.Math object>"
      ]
     },
     "metadata": {},
     "output_type": "display_data"
    },
    {
     "data": {
      "text/latex": [
       "$\\displaystyle -Q_0^T\\left[\\begin{matrix}0.101045747902065 & 0.219173918993805 & 0.407737874560386 & 0.575120960411358 & 0.554647863339939 & 0.370275578860862\\\\0.199234423190965 & 0.334715791813266 & 0.422865798371582 & 0.250230231475244 & -0.245295320235891 & -0.739371717757965\\\\-0.395956836787454 & -0.479086569614665 & -0.249588871475356 & 0.328165919992477 & 0.439064603259746 & -0.500928179055279\\end{matrix}\\right]$"
      ],
      "text/plain": [
       "<IPython.core.display.Math object>"
      ]
     },
     "metadata": {},
     "output_type": "display_data"
    },
    {
     "data": {
      "text/latex": [
       "$\\displaystyle g(\\lambda_0) = \\left[\\begin{matrix}32.9\\\\137.804685541505\\\\327.184167147605\\\\344.944786871125\\\\215.528296300969\\\\146.757970611057\\end{matrix}\\right]$"
      ],
      "text/plain": [
       "<IPython.core.display.Math object>"
      ]
     },
     "metadata": {},
     "output_type": "display_data"
    },
    {
     "data": {
      "text/latex": [
       "$\\displaystyle \\delta_0 = \\left[\\begin{matrix}88.0409369191159\\\\-25.9882357891793\\\\-0.000509448880949462\\end{matrix}\\right]$"
      ],
      "text/plain": [
       "<IPython.core.display.Math object>"
      ]
     },
     "metadata": {},
     "output_type": "display_data"
    },
    {
     "name": "stdout",
     "output_type": "stream",
     "text": [
      "\n"
     ]
    },
    {
     "data": {
      "text/latex": [
       "$\\displaystyle \\text{Optimales } p: 0$"
      ],
      "text/plain": [
       "<IPython.core.display.Math object>"
      ]
     },
     "metadata": {},
     "output_type": "display_data"
    },
    {
     "data": {
      "text/latex": [
       "$\\displaystyle \\text{{Lambda berechnen: }} \\lambda_1 = \\lambda_0 + \\frac{{\\delta_0}}{{2^0}}$"
      ],
      "text/plain": [
       "<IPython.core.display.Math object>"
      ]
     },
     "metadata": {},
     "output_type": "display_data"
    },
    {
     "data": {
      "text/latex": [
       "$\\displaystyle \\left[\\begin{matrix}20.0\\\\450.0\\\\0.001\\end{matrix}\\right] + \\frac{{\\left[\\begin{matrix}88.0409369191159\\\\-25.9882357891793\\\\-0.000509448880949462\\end{matrix}\\right]}}{{2^0}} = \\left[\\begin{matrix}108.040936919116\\\\424.011764210821\\\\0.000490551119050538\\end{matrix}\\right]$"
      ],
      "text/plain": [
       "<IPython.core.display.Math object>"
      ]
     },
     "metadata": {},
     "output_type": "display_data"
    },
    {
     "name": "stdout",
     "output_type": "stream",
     "text": [
      "\n"
     ]
    },
    {
     "data": {
      "text/latex": [
       "$\\displaystyle \\lambda_{1} = 108.04, 424.01, 0.00$"
      ],
      "text/plain": [
       "<IPython.core.display.Math object>"
      ]
     },
     "metadata": {},
     "output_type": "display_data"
    },
    {
     "data": {
      "text/latex": [
       "$\\displaystyle \\text{Inkrement} = 91.79648671539266$"
      ],
      "text/plain": [
       "<IPython.core.display.Math object>"
      ]
     },
     "metadata": {},
     "output_type": "display_data"
    },
    {
     "data": {
      "text/latex": [
       "$\\displaystyle \\text{Fehlerfunktional} = 241927.27268178275$"
      ],
      "text/plain": [
       "<IPython.core.display.Math object>"
      ]
     },
     "metadata": {},
     "output_type": "display_data"
    },
    {
     "name": "stdout",
     "output_type": "stream",
     "text": [
      "-----------------------------------------\n",
      "\n"
     ]
    },
    {
     "data": {
      "text/latex": [
       "$\\displaystyle \\text{Iteration: } 2$"
      ],
      "text/plain": [
       "<IPython.core.display.Math object>"
      ]
     },
     "metadata": {},
     "output_type": "display_data"
    },
    {
     "data": {
      "text/latex": [
       "$\\displaystyle \\text{{QR-Zerlegung von }} Dg(\\lambda_{1}) = Q_1 \\cdot R_1:$"
      ],
      "text/plain": [
       "<IPython.core.display.Math object>"
      ]
     },
     "metadata": {},
     "output_type": "display_data"
    },
    {
     "data": {
      "text/latex": [
       "$\\displaystyle \\text{{Q}}_1= \\left[\\begin{matrix}-0.346726918742567 & -0.477724606757362 & 0.574937114897614\\\\-0.410565422294946 & -0.390274881719962 & 0.114771836945662\\\\-0.449935020131702 & -0.205942653746072 & -0.31199002036849\\\\-0.453035920921822 & 0.0609934268180302 & -0.476323046370639\\\\-0.418873327761868 & 0.367683544677089 & -0.199876412945152\\\\-0.357880629733375 & 0.661922165381779 & 0.540465301006612\\end{matrix}\\right]$"
      ],
      "text/plain": [
       "<IPython.core.display.Math object>"
      ]
     },
     "metadata": {},
     "output_type": "display_data"
    },
    {
     "data": {
      "text/latex": [
       "$\\displaystyle \\text{{R}}_1= \\left[\\begin{matrix}2.88411411385819 & 1.04623611872398 & 498466.258991848\\\\0 & -0.759345908900597 & -302822.760242049\\\\0 & 0 & 48989.3334309821\\end{matrix}\\right]$"
      ],
      "text/plain": [
       "<IPython.core.display.Math object>"
      ]
     },
     "metadata": {},
     "output_type": "display_data"
    },
    {
     "data": {
      "text/latex": [
       "$\\displaystyle Dg(\\lambda_{1}) = \\left[\\begin{matrix}-1.0 & 0 & 0\\\\-1.184117529103 & -0.13319473912342 & -80846.2973985745\\\\-1.29766394188091 & -0.314356557550376 & -177197.486550484\\\\-1.30660729361537 & -0.520297652671892 & -267628.067095997\\\\-1.20807847651675 & -0.717439400095193 & -329928.97881438\\\\-1.03216857529048 & -0.87705552931202 & -352359.481016258\\end{matrix}\\right]$"
      ],
      "text/plain": [
       "<IPython.core.display.Math object>"
      ]
     },
     "metadata": {},
     "output_type": "display_data"
    },
    {
     "name": "stdout",
     "output_type": "stream",
     "text": [
      "\n"
     ]
    },
    {
     "data": {
      "text/latex": [
       "$\\displaystyle \\text{{Auflösen nach }} \\delta_1\\text{{ mit }} R_1\\cdot \\delta_1= -Q_1^T \\cdot g(\\lambda_1):$"
      ],
      "text/plain": [
       "<IPython.core.display.Math object>"
      ]
     },
     "metadata": {},
     "output_type": "display_data"
    },
    {
     "data": {
      "text/latex": [
       "$\\displaystyle Q_1^T\\left[\\begin{matrix}-0.346726918742567 & -0.410565422294946 & -0.449935020131702 & -0.453035920921822 & -0.418873327761868 & -0.357880629733375\\\\-0.477724606757362 & -0.390274881719962 & -0.205942653746072 & 0.0609934268180302 & 0.367683544677089 & 0.661922165381779\\\\0.574937114897614 & 0.114771836945662 & -0.31199002036849 & -0.476323046370639 & -0.199876412945152 & 0.540465301006612\\end{matrix}\\right]$"
      ],
      "text/plain": [
       "<IPython.core.display.Math object>"
      ]
     },
     "metadata": {},
     "output_type": "display_data"
    },
    {
     "data": {
      "text/latex": [
       "$\\displaystyle -Q_1^T\\left[\\begin{matrix}0.346726918742567 & 0.410565422294946 & 0.449935020131702 & 0.453035920921822 & 0.418873327761868 & 0.357880629733375\\\\0.477724606757362 & 0.390274881719962 & 0.205942653746072 & -0.0609934268180302 & -0.367683544677089 & -0.661922165381779\\\\-0.574937114897614 & -0.114771836945662 & 0.31199002036849 & 0.476323046370639 & 0.199876412945152 & -0.540465301006612\\end{matrix}\\right]$"
      ],
      "text/plain": [
       "<IPython.core.display.Math object>"
      ]
     },
     "metadata": {},
     "output_type": "display_data"
    },
    {
     "data": {
      "text/latex": [
       "$\\displaystyle g(\\lambda_1) = \\left[\\begin{matrix}-55.1409369191159\\\\39.2499380740053\\\\239.43271867514\\\\298.505845991561\\\\226.122353541192\\\\199.452015493294\\end{matrix}\\right]$"
      ],
      "text/plain": [
       "<IPython.core.display.Math object>"
      ]
     },
     "metadata": {},
     "output_type": "display_data"
    },
    {
     "data": {
      "text/latex": [
       "$\\displaystyle \\delta_1 = \\left[\\begin{matrix}-56.7477900407426\\\\-1220.44025782054\\\\0.00370454617368914\\end{matrix}\\right]$"
      ],
      "text/plain": [
       "<IPython.core.display.Math object>"
      ]
     },
     "metadata": {},
     "output_type": "display_data"
    },
    {
     "name": "stdout",
     "output_type": "stream",
     "text": [
      "\n"
     ]
    },
    {
     "data": {
      "text/latex": [
       "$\\displaystyle \\text{Aktuelles } p: 0$"
      ],
      "text/plain": [
       "<IPython.core.display.Math object>"
      ]
     },
     "metadata": {},
     "output_type": "display_data"
    },
    {
     "data": {
      "text/latex": [
       "$\\displaystyle \\text{Aktuelles } p: 1$"
      ],
      "text/plain": [
       "<IPython.core.display.Math object>"
      ]
     },
     "metadata": {},
     "output_type": "display_data"
    },
    {
     "data": {
      "text/latex": [
       "$\\displaystyle \\text{Aktuelles } p: 2$"
      ],
      "text/plain": [
       "<IPython.core.display.Math object>"
      ]
     },
     "metadata": {},
     "output_type": "display_data"
    },
    {
     "data": {
      "text/latex": [
       "$\\displaystyle \\text{Aktuelles } p: 3$"
      ],
      "text/plain": [
       "<IPython.core.display.Math object>"
      ]
     },
     "metadata": {},
     "output_type": "display_data"
    },
    {
     "data": {
      "text/latex": [
       "$\\displaystyle \\text{Aktuelles } p: 4$"
      ],
      "text/plain": [
       "<IPython.core.display.Math object>"
      ]
     },
     "metadata": {},
     "output_type": "display_data"
    },
    {
     "data": {
      "text/latex": [
       "$\\displaystyle \\text{Optimales } p: 5$"
      ],
      "text/plain": [
       "<IPython.core.display.Math object>"
      ]
     },
     "metadata": {},
     "output_type": "display_data"
    },
    {
     "data": {
      "text/latex": [
       "$\\displaystyle \\text{{Lambda berechnen: }} \\lambda_2 = \\lambda_1 + \\frac{{\\delta_1}}{{2^5}}$"
      ],
      "text/plain": [
       "<IPython.core.display.Math object>"
      ]
     },
     "metadata": {},
     "output_type": "display_data"
    },
    {
     "data": {
      "text/latex": [
       "$\\displaystyle \\left[\\begin{matrix}108.040936919116\\\\424.011764210821\\\\0.000490551119050538\\end{matrix}\\right] + \\frac{{\\left[\\begin{matrix}-56.7477900407426\\\\-1220.44025782054\\\\0.00370454617368914\\end{matrix}\\right]}}{{2^5}} = \\left[\\begin{matrix}106.267568480343\\\\385.873006153929\\\\0.000606318186978323\\end{matrix}\\right]$"
      ],
      "text/plain": [
       "<IPython.core.display.Math object>"
      ]
     },
     "metadata": {},
     "output_type": "display_data"
    },
    {
     "name": "stdout",
     "output_type": "stream",
     "text": [
      "\n"
     ]
    },
    {
     "data": {
      "text/latex": [
       "$\\displaystyle \\lambda_{2} = 106.27, 385.87, 0.00$"
      ],
      "text/plain": [
       "<IPython.core.display.Math object>"
      ]
     },
     "metadata": {},
     "output_type": "display_data"
    },
    {
     "data": {
      "text/latex": [
       "$\\displaystyle \\text{Inkrement} = 38.179964664142645$"
      ],
      "text/plain": [
       "<IPython.core.display.Math object>"
      ]
     },
     "metadata": {},
     "output_type": "display_data"
    },
    {
     "data": {
      "text/latex": [
       "$\\displaystyle \\text{Fehlerfunktional} = 238060.71751763922$"
      ],
      "text/plain": [
       "<IPython.core.display.Math object>"
      ]
     },
     "metadata": {},
     "output_type": "display_data"
    },
    {
     "name": "stdout",
     "output_type": "stream",
     "text": [
      "-----------------------------------------\n",
      "\n"
     ]
    },
    {
     "data": {
      "text/latex": [
       "$\\displaystyle \\text{Iteration: } 3$"
      ],
      "text/plain": [
       "<IPython.core.display.Math object>"
      ]
     },
     "metadata": {},
     "output_type": "display_data"
    },
    {
     "data": {
      "text/latex": [
       "$\\displaystyle \\text{{QR-Zerlegung von }} Dg(\\lambda_{2}) = Q_2 \\cdot R_2:$"
      ],
      "text/plain": [
       "<IPython.core.display.Math object>"
      ]
     },
     "metadata": {},
     "output_type": "display_data"
    },
    {
     "data": {
      "text/latex": [
       "$\\displaystyle \\text{{Q}}_2= \\left[\\begin{matrix}-0.375439891589191 & -0.462497983355537 & 0.578057130393122\\\\-0.442192321059811 & -0.366613036605858 & 0.0977191171533817\\\\-0.470234667396988 & -0.163557889906583 & -0.336518547179422\\\\-0.448654578812191 & 0.116069648925786 & -0.467603172515583\\\\-0.385931611278824 & 0.411112958229606 & -0.152367569495921\\\\-0.303572160950017 & 0.665171621167008 & 0.548805605262876\\end{matrix}\\right]$"
      ],
      "text/plain": [
       "<IPython.core.display.Math object>"
      ]
     },
     "metadata": {},
     "output_type": "display_data"
    },
    {
     "data": {
      "text/latex": [
       "$\\displaystyle \\text{{R}}_2= \\left[\\begin{matrix}2.66354221382049 & 1.1292507285918 & 363767.58119184\\\\0 & -0.916686745407068 & -234983.84788403\\\\0 & 0 & 48253.5445239973\\end{matrix}\\right]$"
      ],
      "text/plain": [
       "<IPython.core.display.Math object>"
      ]
     },
     "metadata": {},
     "output_type": "display_data"
    },
    {
     "data": {
      "text/latex": [
       "$\\displaystyle Dg(\\lambda_{2}) = \\left[\\begin{matrix}-1.0 & 0 & 0\\\\-1.17779791377007 & -0.163276689384463 & -69991.7952570333\\\\-1.25248988701372 & -0.381081490983057 & -148860.877928983\\\\-1.19501041009012 & -0.613043018724032 & -213043.994156827\\\\-1.02794513828891 & -0.812675352897388 & -244346.588878831\\\\-0.808577265631078 & -0.95256309247772 & -240252.482042478\\end{matrix}\\right]$"
      ],
      "text/plain": [
       "<IPython.core.display.Math object>"
      ]
     },
     "metadata": {},
     "output_type": "display_data"
    },
    {
     "name": "stdout",
     "output_type": "stream",
     "text": [
      "\n"
     ]
    },
    {
     "data": {
      "text/latex": [
       "$\\displaystyle \\text{{Auflösen nach }} \\delta_2\\text{{ mit }} R_2\\cdot \\delta_2= -Q_2^T \\cdot g(\\lambda_2):$"
      ],
      "text/plain": [
       "<IPython.core.display.Math object>"
      ]
     },
     "metadata": {},
     "output_type": "display_data"
    },
    {
     "data": {
      "text/latex": [
       "$\\displaystyle Q_2^T\\left[\\begin{matrix}-0.375439891589191 & -0.442192321059811 & -0.470234667396988 & -0.448654578812191 & -0.385931611278824 & -0.303572160950017\\\\-0.462497983355537 & -0.366613036605858 & -0.163557889906583 & 0.116069648925786 & 0.411112958229606 & 0.665171621167008\\\\0.578057130393122 & 0.0977191171533817 & -0.336518547179422 & -0.467603172515583 & -0.152367569495921 & 0.548805605262876\\end{matrix}\\right]$"
      ],
      "text/plain": [
       "<IPython.core.display.Math object>"
      ]
     },
     "metadata": {},
     "output_type": "display_data"
    },
    {
     "data": {
      "text/latex": [
       "$\\displaystyle -Q_2^T\\left[\\begin{matrix}0.375439891589191 & 0.442192321059811 & 0.470234667396988 & 0.448654578812191 & 0.385931611278824 & 0.303572160950017\\\\0.462497983355537 & 0.366613036605858 & 0.163557889906583 & -0.116069648925786 & -0.411112958229606 & -0.665171621167008\\\\-0.578057130393122 & -0.0977191171533817 & 0.336518547179422 & 0.467603172515583 & 0.152367569495921 & -0.548805605262876\\end{matrix}\\right]$"
      ],
      "text/plain": [
       "<IPython.core.display.Math object>"
      ]
     },
     "metadata": {},
     "output_type": "display_data"
    },
    {
     "data": {
      "text/latex": [
       "$\\displaystyle g(\\lambda_2) = \\left[\\begin{matrix}-53.3675684803427\\\\38.271510978393\\\\236.108942263483\\\\294.624845158092\\\\224.325068936479\\\\202.175525336278\\end{matrix}\\right]$"
      ],
      "text/plain": [
       "<IPython.core.display.Math object>"
      ]
     },
     "metadata": {},
     "output_type": "display_data"
    },
    {
     "data": {
      "text/latex": [
       "$\\displaystyle \\delta_2 = \\left[\\begin{matrix}-58.9012006197953\\\\-636.017973595924\\\\0.00347242884193296\\end{matrix}\\right]$"
      ],
      "text/plain": [
       "<IPython.core.display.Math object>"
      ]
     },
     "metadata": {},
     "output_type": "display_data"
    },
    {
     "name": "stdout",
     "output_type": "stream",
     "text": [
      "\n"
     ]
    },
    {
     "data": {
      "text/latex": [
       "$\\displaystyle \\text{Aktuelles } p: 0$"
      ],
      "text/plain": [
       "<IPython.core.display.Math object>"
      ]
     },
     "metadata": {},
     "output_type": "display_data"
    },
    {
     "data": {
      "text/latex": [
       "$\\displaystyle \\text{Aktuelles } p: 1$"
      ],
      "text/plain": [
       "<IPython.core.display.Math object>"
      ]
     },
     "metadata": {},
     "output_type": "display_data"
    },
    {
     "data": {
      "text/latex": [
       "$\\displaystyle \\text{Aktuelles } p: 2$"
      ],
      "text/plain": [
       "<IPython.core.display.Math object>"
      ]
     },
     "metadata": {},
     "output_type": "display_data"
    },
    {
     "data": {
      "text/latex": [
       "$\\displaystyle \\text{Aktuelles } p: 3$"
      ],
      "text/plain": [
       "<IPython.core.display.Math object>"
      ]
     },
     "metadata": {},
     "output_type": "display_data"
    },
    {
     "data": {
      "text/latex": [
       "$\\displaystyle \\text{Optimales } p: 4$"
      ],
      "text/plain": [
       "<IPython.core.display.Math object>"
      ]
     },
     "metadata": {},
     "output_type": "display_data"
    },
    {
     "data": {
      "text/latex": [
       "$\\displaystyle \\text{{Lambda berechnen: }} \\lambda_3 = \\lambda_2 + \\frac{{\\delta_2}}{{2^4}}$"
      ],
      "text/plain": [
       "<IPython.core.display.Math object>"
      ]
     },
     "metadata": {},
     "output_type": "display_data"
    },
    {
     "data": {
      "text/latex": [
       "$\\displaystyle \\left[\\begin{matrix}106.267568480343\\\\385.873006153929\\\\0.000606318186978323\\end{matrix}\\right] + \\frac{{\\left[\\begin{matrix}-58.9012006197953\\\\-636.017973595924\\\\0.00347242884193296\\end{matrix}\\right]}}{{2^4}} = \\left[\\begin{matrix}102.586243441605\\\\346.121882804183\\\\0.000823344989599133\\end{matrix}\\right]$"
      ],
      "text/plain": [
       "<IPython.core.display.Math object>"
      ]
     },
     "metadata": {},
     "output_type": "display_data"
    },
    {
     "name": "stdout",
     "output_type": "stream",
     "text": [
      "\n"
     ]
    },
    {
     "data": {
      "text/latex": [
       "$\\displaystyle \\lambda_{3} = 102.59, 346.12, 0.00$"
      ],
      "text/plain": [
       "<IPython.core.display.Math object>"
      ]
     },
     "metadata": {},
     "output_type": "display_data"
    },
    {
     "data": {
      "text/latex": [
       "$\\displaystyle \\text{Inkrement} = 39.92122194590988$"
      ],
      "text/plain": [
       "<IPython.core.display.Math object>"
      ]
     },
     "metadata": {},
     "output_type": "display_data"
    },
    {
     "data": {
      "text/latex": [
       "$\\displaystyle \\text{Fehlerfunktional} = 229560.8613260735$"
      ],
      "text/plain": [
       "<IPython.core.display.Math object>"
      ]
     },
     "metadata": {},
     "output_type": "display_data"
    },
    {
     "name": "stdout",
     "output_type": "stream",
     "text": [
      "-----------------------------------------\n",
      "\n"
     ]
    },
    {
     "data": {
      "text/latex": [
       "$\\displaystyle \\text{Iteration: } 4$"
      ],
      "text/plain": [
       "<IPython.core.display.Math object>"
      ]
     },
     "metadata": {},
     "output_type": "display_data"
    },
    {
     "data": {
      "text/latex": [
       "$\\displaystyle \\text{{QR-Zerlegung von }} Dg(\\lambda_{3}) = Q_3 \\cdot R_3:$"
      ],
      "text/plain": [
       "<IPython.core.display.Math object>"
      ]
     },
     "metadata": {},
     "output_type": "display_data"
    },
    {
     "data": {
      "text/latex": [
       "$\\displaystyle \\text{{Q}}_3= \\left[\\begin{matrix}-0.422449169905583 & -0.432278081006511 & 0.583964210657942\\\\-0.495600280875314 & -0.320900658177828 & 0.0647649621794395\\\\-0.496952555489875 & -0.0830882997121901 & -0.381184404666565\\\\-0.425741248505258 & 0.211996389908111 & -0.442327574471672\\\\-0.31848909485308 & 0.474522863191696 & -0.0650755061177077\\\\-0.215091384800338 & 0.6581339876405 & 0.556418228807316\\end{matrix}\\right]$"
      ],
      "text/plain": [
       "<IPython.core.display.Math object>"
      ]
     },
     "metadata": {},
     "output_type": "display_data"
    },
    {
     "data": {
      "text/latex": [
       "$\\displaystyle \\text{{R}}_3= \\left[\\begin{matrix}2.36714869205093 & 1.20117116082479 & 227139.545793442\\\\0 & -1.1738595642496 & -158666.695394834\\\\0 & 0 & 46863.7931379624\\end{matrix}\\right]$"
      ],
      "text/plain": [
       "<IPython.core.display.Math object>"
      ]
     },
     "metadata": {},
     "output_type": "display_data"
    },
    {
     "data": {
      "text/latex": [
       "$\\displaystyle Dg(\\lambda_{3}) = \\left[\\begin{matrix}-1.0 & 0 & 0\\\\-1.17315955665407 & -0.218608457908057 & -58619.0439198529\\\\-1.17636059173922 & -0.499391082658227 & -117557.978881263\\\\-1.00779283955135 & -0.76024209955808 & -151068.588382629\\\\-0.753911044313951 & -0.939583117187389 & -150682.127994063\\\\-0.509153290201542 & -1.03091844431356 & -127203.835620556\\end{matrix}\\right]$"
      ],
      "text/plain": [
       "<IPython.core.display.Math object>"
      ]
     },
     "metadata": {},
     "output_type": "display_data"
    },
    {
     "name": "stdout",
     "output_type": "stream",
     "text": [
      "\n"
     ]
    },
    {
     "data": {
      "text/latex": [
       "$\\displaystyle \\text{{Auflösen nach }} \\delta_3\\text{{ mit }} R_3\\cdot \\delta_3= -Q_3^T \\cdot g(\\lambda_3):$"
      ],
      "text/plain": [
       "<IPython.core.display.Math object>"
      ]
     },
     "metadata": {},
     "output_type": "display_data"
    },
    {
     "data": {
      "text/latex": [
       "$\\displaystyle Q_3^T\\left[\\begin{matrix}-0.422449169905583 & -0.495600280875314 & -0.496952555489875 & -0.425741248505258 & -0.31848909485308 & -0.215091384800338\\\\-0.432278081006511 & -0.320900658177828 & -0.0830882997121901 & 0.211996389908111 & 0.474522863191696 & 0.6581339876405\\\\0.583964210657942 & 0.0647649621794395 & -0.381184404666565 & -0.442327574471672 & -0.0650755061177077 & 0.556418228807316\\end{matrix}\\right]$"
      ],
      "text/plain": [
       "<IPython.core.display.Math object>"
      ]
     },
     "metadata": {},
     "output_type": "display_data"
    },
    {
     "data": {
      "text/latex": [
       "$\\displaystyle -Q_3^T\\left[\\begin{matrix}0.422449169905583 & 0.495600280875314 & 0.496952555489875 & 0.425741248505258 & 0.31848909485308 & 0.215091384800338\\\\0.432278081006511 & 0.320900658177828 & 0.0830882997121901 & -0.211996389908111 & -0.474522863191696 & -0.6581339876405\\\\-0.583964210657942 & -0.0647649621794395 & 0.381184404666565 & 0.442327574471672 & 0.0650755061177077 & -0.556418228807316\\end{matrix}\\right]$"
      ],
      "text/plain": [
       "<IPython.core.display.Math object>"
      ]
     },
     "metadata": {},
     "output_type": "display_data"
    },
    {
     "data": {
      "text/latex": [
       "$\\displaystyle g(\\lambda_3) = \\left[\\begin{matrix}-49.6862434416054\\\\36.2484931836859\\\\229.262177074733\\\\286.859456867682\\\\220.512195608818\\\\205.677084374896\\end{matrix}\\right]$"
      ],
      "text/plain": [
       "<IPython.core.display.Math object>"
      ]
     },
     "metadata": {},
     "output_type": "display_data"
    },
    {
     "data": {
      "text/latex": [
       "$\\displaystyle \\delta_3 = \\left[\\begin{matrix}-61.5063437929333\\\\-157.830186709168\\\\0.00300555768541296\\end{matrix}\\right]$"
      ],
      "text/plain": [
       "<IPython.core.display.Math object>"
      ]
     },
     "metadata": {},
     "output_type": "display_data"
    },
    {
     "name": "stdout",
     "output_type": "stream",
     "text": [
      "\n"
     ]
    },
    {
     "data": {
      "text/latex": [
       "$\\displaystyle \\text{Aktuelles } p: 0$"
      ],
      "text/plain": [
       "<IPython.core.display.Math object>"
      ]
     },
     "metadata": {},
     "output_type": "display_data"
    },
    {
     "data": {
      "text/latex": [
       "$\\displaystyle \\text{Aktuelles } p: 1$"
      ],
      "text/plain": [
       "<IPython.core.display.Math object>"
      ]
     },
     "metadata": {},
     "output_type": "display_data"
    },
    {
     "data": {
      "text/latex": [
       "$\\displaystyle \\text{Optimales } p: 2$"
      ],
      "text/plain": [
       "<IPython.core.display.Math object>"
      ]
     },
     "metadata": {},
     "output_type": "display_data"
    },
    {
     "data": {
      "text/latex": [
       "$\\displaystyle \\text{{Lambda berechnen: }} \\lambda_4 = \\lambda_3 + \\frac{{\\delta_3}}{{2^2}}$"
      ],
      "text/plain": [
       "<IPython.core.display.Math object>"
      ]
     },
     "metadata": {},
     "output_type": "display_data"
    },
    {
     "data": {
      "text/latex": [
       "$\\displaystyle \\left[\\begin{matrix}102.586243441605\\\\346.121882804183\\\\0.000823344989599133\\end{matrix}\\right] + \\frac{{\\left[\\begin{matrix}-61.5063437929333\\\\-157.830186709168\\\\0.00300555768541296\\end{matrix}\\right]}}{{2^2}} = \\left[\\begin{matrix}87.2096574933721\\\\306.664336126891\\\\0.00157473441095237\\end{matrix}\\right]$"
      ],
      "text/plain": [
       "<IPython.core.display.Math object>"
      ]
     },
     "metadata": {},
     "output_type": "display_data"
    },
    {
     "name": "stdout",
     "output_type": "stream",
     "text": [
      "\n"
     ]
    },
    {
     "data": {
      "text/latex": [
       "$\\displaystyle \\lambda_{4} = 87.21, 306.66, 0.00$"
      ],
      "text/plain": [
       "<IPython.core.display.Math object>"
      ]
     },
     "metadata": {},
     "output_type": "display_data"
    },
    {
     "data": {
      "text/latex": [
       "$\\displaystyle \\text{Inkrement} = 42.34781441560683$"
      ],
      "text/plain": [
       "<IPython.core.display.Math object>"
      ]
     },
     "metadata": {},
     "output_type": "display_data"
    },
    {
     "data": {
      "text/latex": [
       "$\\displaystyle \\text{Fehlerfunktional} = 196882.74755608093$"
      ],
      "text/plain": [
       "<IPython.core.display.Math object>"
      ]
     },
     "metadata": {},
     "output_type": "display_data"
    },
    {
     "name": "stdout",
     "output_type": "stream",
     "text": [
      "-----------------------------------------\n",
      "\n"
     ]
    },
    {
     "data": {
      "text/latex": [
       "$\\displaystyle \\text{Iteration: } 5$"
      ],
      "text/plain": [
       "<IPython.core.display.Math object>"
      ]
     },
     "metadata": {},
     "output_type": "display_data"
    },
    {
     "data": {
      "text/latex": [
       "$\\displaystyle \\text{{QR-Zerlegung von }} Dg(\\lambda_{4}) = Q_4 \\cdot R_4:$"
      ],
      "text/plain": [
       "<IPython.core.display.Math object>"
      ]
     },
     "metadata": {},
     "output_type": "display_data"
    },
    {
     "data": {
      "text/latex": [
       "$\\displaystyle \\text{{Q}}_4= \\left[\\begin{matrix}-0.514756958488259 & -0.341768504514598 & 0.61106549223116\\\\-0.632060463500253 & -0.18301915307236 & -0.0601189814961344\\\\-0.495279853452058 & 0.162980528999502 & -0.504613981833539\\\\-0.270728796241549 & 0.430274311572238 & -0.27096151426295\\\\-0.120574862478611 & 0.546818363464503 & 0.179775391303794\\\\-0.0488910253127906 & 0.582227893763785 & 0.512454942483879\\end{matrix}\\right]$"
      ],
      "text/plain": [
       "<IPython.core.display.Math object>"
      ]
     },
     "metadata": {},
     "output_type": "display_data"
    },
    {
     "data": {
      "text/latex": [
       "$\\displaystyle \\text{{R}}_4= \\left[\\begin{matrix}1.9426643652119 & 1.13047618641413 & 87751.1837718315\\\\0 & -1.70267439999606 & -59583.2156538951\\\\0 & 0 & 40596.0838393171\\end{matrix}\\right]$"
      ],
      "text/plain": [
       "<IPython.core.display.Math object>"
      ]
     },
     "metadata": {},
     "output_type": "display_data"
    },
    {
     "data": {
      "text/latex": [
       "$\\displaystyle Dg(\\lambda_{4}) = \\left[\\begin{matrix}-1.0 & 0 & 0\\\\-1.22788133910125 & -0.402907275715647 & -46999.7794343674\\\\-0.962162522108683 & -0.837404854363501 & -73657.6489585265\\\\-0.52593518509517 & -1.03866951241762 & -60393.8757983059\\\\-0.234236488677523 & -1.06736063963098 & -35863.6065318245\\\\-0.094978852653831 & -1.04661466952071 & -18177.5916919087\\end{matrix}\\right]$"
      ],
      "text/plain": [
       "<IPython.core.display.Math object>"
      ]
     },
     "metadata": {},
     "output_type": "display_data"
    },
    {
     "name": "stdout",
     "output_type": "stream",
     "text": [
      "\n"
     ]
    },
    {
     "data": {
      "text/latex": [
       "$\\displaystyle \\text{{Auflösen nach }} \\delta_4\\text{{ mit }} R_4\\cdot \\delta_4= -Q_4^T \\cdot g(\\lambda_4):$"
      ],
      "text/plain": [
       "<IPython.core.display.Math object>"
      ]
     },
     "metadata": {},
     "output_type": "display_data"
    },
    {
     "data": {
      "text/latex": [
       "$\\displaystyle Q_4^T\\left[\\begin{matrix}-0.514756958488259 & -0.632060463500253 & -0.495279853452058 & -0.270728796241549 & -0.120574862478611 & -0.0488910253127906\\\\-0.341768504514598 & -0.18301915307236 & 0.162980528999502 & 0.430274311572238 & 0.546818363464503 & 0.582227893763785\\\\0.61106549223116 & -0.0601189814961344 & -0.504613981833539 & -0.27096151426295 & 0.179775391303794 & 0.512454942483879\\end{matrix}\\right]$"
      ],
      "text/plain": [
       "<IPython.core.display.Math object>"
      ]
     },
     "metadata": {},
     "output_type": "display_data"
    },
    {
     "data": {
      "text/latex": [
       "$\\displaystyle -Q_4^T\\left[\\begin{matrix}0.514756958488259 & 0.632060463500253 & 0.495279853452058 & 0.270728796241549 & 0.120574862478611 & 0.0488910253127906\\\\0.341768504514598 & 0.18301915307236 & -0.162980528999502 & -0.430274311572238 & -0.546818363464503 & -0.582227893763785\\\\-0.61106549223116 & 0.0601189814961344 & 0.504613981833539 & 0.27096151426295 & -0.179775391303794 & -0.512454942483879\\end{matrix}\\right]$"
      ],
      "text/plain": [
       "<IPython.core.display.Math object>"
      ]
     },
     "metadata": {},
     "output_type": "display_data"
    },
    {
     "data": {
      "text/latex": [
       "$\\displaystyle g(\\lambda_4) = \\left[\\begin{matrix}-34.3096574933721\\\\27.3717667289133\\\\201.279166705965\\\\259.714790593723\\\\207.726529396095\\\\209.382413127204\\end{matrix}\\right]$"
      ],
      "text/plain": [
       "<IPython.core.display.Math object>"
      ]
     },
     "metadata": {},
     "output_type": "display_data"
    },
    {
     "data": {
      "text/latex": [
       "$\\displaystyle \\delta_4 = \\left[\\begin{matrix}-57.1957343937439\\\\184.130879085731\\\\0.00122940022501432\\end{matrix}\\right]$"
      ],
      "text/plain": [
       "<IPython.core.display.Math object>"
      ]
     },
     "metadata": {},
     "output_type": "display_data"
    },
    {
     "name": "stdout",
     "output_type": "stream",
     "text": [
      "\n"
     ]
    },
    {
     "data": {
      "text/latex": [
       "$\\displaystyle \\text{Optimales } p: 0$"
      ],
      "text/plain": [
       "<IPython.core.display.Math object>"
      ]
     },
     "metadata": {},
     "output_type": "display_data"
    },
    {
     "data": {
      "text/latex": [
       "$\\displaystyle \\text{{Lambda berechnen: }} \\lambda_5 = \\lambda_4 + \\frac{{\\delta_4}}{{2^0}}$"
      ],
      "text/plain": [
       "<IPython.core.display.Math object>"
      ]
     },
     "metadata": {},
     "output_type": "display_data"
    },
    {
     "data": {
      "text/latex": [
       "$\\displaystyle \\left[\\begin{matrix}87.2096574933721\\\\306.664336126891\\\\0.00157473441095237\\end{matrix}\\right] + \\frac{{\\left[\\begin{matrix}-57.1957343937439\\\\184.130879085731\\\\0.00122940022501432\\end{matrix}\\right]}}{{2^0}} = \\left[\\begin{matrix}30.0139230996282\\\\490.795215212622\\\\0.0028041346359667\\end{matrix}\\right]$"
      ],
      "text/plain": [
       "<IPython.core.display.Math object>"
      ]
     },
     "metadata": {},
     "output_type": "display_data"
    },
    {
     "name": "stdout",
     "output_type": "stream",
     "text": [
      "\n"
     ]
    },
    {
     "data": {
      "text/latex": [
       "$\\displaystyle \\lambda_{5} = 30.01, 490.80, 0.00$"
      ],
      "text/plain": [
       "<IPython.core.display.Math object>"
      ]
     },
     "metadata": {},
     "output_type": "display_data"
    },
    {
     "data": {
      "text/latex": [
       "$\\displaystyle \\text{Inkrement} = 192.80957618135898$"
      ],
      "text/plain": [
       "<IPython.core.display.Math object>"
      ]
     },
     "metadata": {},
     "output_type": "display_data"
    },
    {
     "data": {
      "text/latex": [
       "$\\displaystyle \\text{Fehlerfunktional} = 7963.869393895143$"
      ],
      "text/plain": [
       "<IPython.core.display.Math object>"
      ]
     },
     "metadata": {},
     "output_type": "display_data"
    },
    {
     "name": "stdout",
     "output_type": "stream",
     "text": [
      "-----------------------------------------\n",
      "\n"
     ]
    },
    {
     "data": {
      "text/latex": [
       "$\\displaystyle \\text{Iteration: } 6$"
      ],
      "text/plain": [
       "<IPython.core.display.Math object>"
      ]
     },
     "metadata": {},
     "output_type": "display_data"
    },
    {
     "data": {
      "text/latex": [
       "$\\displaystyle \\text{{QR-Zerlegung von }} Dg(\\lambda_{5}) = Q_5 \\cdot R_5:$"
      ],
      "text/plain": [
       "<IPython.core.display.Math object>"
      ]
     },
     "metadata": {},
     "output_type": "display_data"
    },
    {
     "data": {
      "text/latex": [
       "$\\displaystyle \\text{{Q}}_5= \\left[\\begin{matrix}-0.218798309071008 & 0.125775910936647 & 0.742854814300886\\\\-0.952616241182988 & 0.0840823989865132 & -0.0554816792163002\\\\-0.210765617653878 & -0.472204913188552 & -0.532858166297041\\\\-0.0150503395410275 & -0.503539125133774 & 0.156886022076519\\\\-0.000966887617110996 & -0.500550378111562 & 0.256445317706937\\\\-6.16853090083389 \\cdot 10^{-5} & -0.500030757855162 & 0.266032437599413\\end{matrix}\\right]$"
      ],
      "text/plain": [
       "<IPython.core.display.Math object>"
      ]
     },
     "metadata": {},
     "output_type": "display_data"
    },
    {
     "data": {
      "text/latex": [
       "$\\displaystyle \\text{{R}}_5= \\left[\\begin{matrix}4.57041923333815 & 1.14976270052801 & 126037.883328083\\\\0 & 2.00011379631476 & 18175.6904902783\\\\0 & 0 & 34045.4301915752\\end{matrix}\\right]$"
      ],
      "text/plain": [
       "<IPython.core.display.Math object>"
      ]
     },
     "metadata": {},
     "output_type": "display_data"
    },
    {
     "data": {
      "text/latex": [
       "$\\displaystyle Dg(\\lambda_{5}) = \\left[\\begin{matrix}-1.0 & 0 & 0\\\\-4.35385559069302 & -0.927108255789226 & -120426.37663967\\\\-0.963287232651679 & -1.18679400728821 & -53288.4881802114\\\\-0.0687863613065818 & -1.02443987019888 & -5707.83211465698\\\\-0.00441908176172059 & -1.00226940832926 & -488.922054076442\\\\-0.000281927722706119 & -1.0001893408353 & -38.9901931891673\\end{matrix}\\right]$"
      ],
      "text/plain": [
       "<IPython.core.display.Math object>"
      ]
     },
     "metadata": {},
     "output_type": "display_data"
    },
    {
     "name": "stdout",
     "output_type": "stream",
     "text": [
      "\n"
     ]
    },
    {
     "data": {
      "text/latex": [
       "$\\displaystyle \\text{{Auflösen nach }} \\delta_5\\text{{ mit }} R_5\\cdot \\delta_5= -Q_5^T \\cdot g(\\lambda_5):$"
      ],
      "text/plain": [
       "<IPython.core.display.Math object>"
      ]
     },
     "metadata": {},
     "output_type": "display_data"
    },
    {
     "data": {
      "text/latex": [
