{
 "cells": [
  {
   "cell_type": "code",
   "execution_count": 2,
   "metadata": {},
   "outputs": [
    {
     "data": {
      "text/latex": [
       "$\\displaystyle \\text{Iteration: } 1$"
      ],
      "text/plain": [
       "<IPython.core.display.Math object>"
      ]
     },
     "metadata": {},
     "output_type": "display_data"
    },
    {
     "data": {
      "text/latex": [
       "$\\displaystyle \\text{{QR-Zerlegung von }} Dg(\\lambda_{0}) = Q_0 \\cdot R_0:$"
      ],
      "text/plain": [
       "<IPython.core.display.Math object>"
      ]
     },
     "metadata": {},
     "output_type": "display_data"
    },
    {
     "data": {
      "text/latex": [
       "$\\displaystyle \\text{{Q}}_0= \\left[\\begin{matrix}0 & -0.0687408214122768 & -0.997517725393449\\\\0.408175138063914 & -0.910743710476808 & 0.0627316666729975\\\\0.526977846011198 & 0.234206568034747 & -0.00363586697659874\\\\0.527108755671041 & 0.235549675931914 & -0.0224540262012877\\\\0.527108875067409 & 0.235550900987997 & -0.0224882791913475\\end{matrix}\\right]$"
      ],
      "text/plain": [
       "<IPython.core.display.Math object>"
      ]
     },
     "metadata": {},
     "output_type": "display_data"
    },
    {
     "data": {
      "text/latex": [
       "$\\displaystyle \\text{{R}}_0= \\left[\\begin{matrix}-1.89714126832976 & -6.50084371988637 & -18108.479013424\\\\0 & 14.5473967208283 & 40257.7614863881\\\\0 & 0 & -2774.23801336696\\end{matrix}\\right]$"
      ],
      "text/plain": [
       "<IPython.core.display.Math object>"
      ]
     },
     "metadata": {},
     "output_type": "display_data"
    },
    {
     "data": {
      "text/latex": [
       "$\\displaystyle Dg(\\lambda_{0}) = \\left[\\begin{matrix}0 & -1.0 & 0\\\\-0.77436589912725 & -15.9024328502018 & -44229.9665673614\\\\-0.999751419163371 & -0.018704760936021 & -104.048350166773\\\\-0.999999773281482 & -1.70607571077478 \\cdot 10^{-5} & -0.142354957307047\\\\-0.999999999793259 & -1.55574002374099 \\cdot 10^{-8} & -0.000173081263441264\\end{matrix}\\right]$"
      ],
      "text/plain": [
       "<IPython.core.display.Math object>"
      ]
     },
     "metadata": {},
     "output_type": "display_data"
    },
    {
     "name": "stdout",
     "output_type": "stream",
     "text": [
      "\n"
     ]
    },
    {
     "data": {
      "text/latex": [
       "$\\displaystyle \\text{{Auflösen nach }} \\delta_0\\text{{ mit }} R_0\\cdot \\delta_0= -Q_0^T \\cdot g(\\lambda_0):$"
      ],
      "text/plain": [
       "<IPython.core.display.Math object>"
      ]
     },
     "metadata": {},
     "output_type": "display_data"
    },
    {
     "data": {
      "text/latex": [
       "$\\displaystyle Q_0^T\\left[\\begin{matrix}0 & 0.408175138063914 & 0.526977846011198 & 0.527108755671041 & 0.527108875067409\\\\-0.0687408214122768 & -0.910743710476808 & 0.234206568034747 & 0.235549675931914 & 0.235550900987997\\\\-0.997517725393449 & 0.0627316666729975 & -0.00363586697659874 & -0.0224540262012877 & -0.0224882791913475\\end{matrix}\\right]$"
      ],
      "text/plain": [
       "<IPython.core.display.Math object>"
      ]
     },
     "metadata": {},
     "output_type": "display_data"
    },
    {
     "data": {
      "text/latex": [
       "$\\displaystyle -Q_0^T\\left[\\begin{matrix}0 & -0.408175138063914 & -0.526977846011198 & -0.527108755671041 & -0.527108875067409\\\\0.0687408214122768 & 0.910743710476808 & -0.234206568034747 & -0.235549675931914 & -0.235550900987997\\\\0.997517725393449 & -0.0627316666729975 & 0.00363586697659874 & 0.0224540262012877 & 0.0224882791913475\\end{matrix}\\right]$"
      ],
      "text/plain": [
       "<IPython.core.display.Math object>"
      ]
     },
     "metadata": {},
     "output_type": "display_data"
    },
    {
     "data": {
      "text/latex": [
       "$\\displaystyle g(\\lambda_0) = \\left[\\begin{matrix}-171.0\\\\-24339.4635438579\\\\-14198.2835270883\\\\-4145.99661059587\\\\-1002.99999690926\\end{matrix}\\right]$"
      ],
      "text/plain": [
       "<IPython.core.display.Math object>"
      ]
     },
     "metadata": {},
     "output_type": "display_data"
    },
    {
     "data": {
      "text/latex": [
       "$\\displaystyle \\delta_0 = \\left[\\begin{matrix}-6429.2466109598\\\\-26.5737072987966\\\\-0.428588479639075\\end{matrix}\\right]$"
      ],
      "text/plain": [
       "<IPython.core.display.Math object>"
      ]
     },
     "metadata": {},
     "output_type": "display_data"
    },
    {
     "name": "stdout",
     "output_type": "stream",
     "text": [
      "\n"
     ]
    },
    {
     "data": {
      "text/latex": [
       "$\\displaystyle \\text{Aktuelles } p: 0$"
      ],
      "text/plain": [
       "<IPython.core.display.Math object>"
      ]
     },
     "metadata": {},
     "output_type": "display_data"
    },
    {
     "data": {
      "text/latex": [
       "$\\displaystyle \\text{Optimales } p: 1$"
      ],
      "text/plain": [
       "<IPython.core.display.Math object>"
      ]
     },
     "metadata": {},
     "output_type": "display_data"
    },
    {
     "data": {
      "text/latex": [
       "$\\displaystyle \\text{{Lambda berechnen: }} \\lambda_1 = \\lambda_0 + \\frac{{\\delta_0}}{{2^1}}$"
      ],
      "text/plain": [
       "<IPython.core.display.Math object>"
      ]
     },
     "metadata": {},
     "output_type": "display_data"
    },
    {
     "data": {
      "text/latex": [
       "$\\displaystyle \\left[\\begin{matrix}30000.0\\\\200.0\\\\0.5\\end{matrix}\\right] + \\frac{{\\left[\\begin{matrix}-6429.2466109598\\\\-26.5737072987966\\\\-0.428588479639075\\end{matrix}\\right]}}{{2^1}} = \\left[\\begin{matrix}26785.3766945201\\\\186.713146350602\\\\0.285705760180463\\end{matrix}\\right]$"
      ],
      "text/plain": [
       "<IPython.core.display.Math object>"
      ]
     },
     "metadata": {},
     "output_type": "display_data"
    },
    {
     "name": "stdout",
     "output_type": "stream",
     "text": [
      "\n"
     ]
    },
    {
     "data": {
      "text/latex": [
       "$\\displaystyle \\lambda_{1} = 26785.38, 186.71, 0.29$"
      ],
      "text/plain": [
       "<IPython.core.display.Math object>"
      ]
     },
     "metadata": {},
     "output_type": "display_data"
    },
    {
     "data": {
      "text/latex": [
       "$\\displaystyle \\text{Inkrement} = 3214.6507714736977$"
      ],
      "text/plain": [
       "<IPython.core.display.Math object>"
      ]
     },
     "metadata": {},
     "output_type": "display_data"
    },
    {
     "data": {
      "text/latex": [
       "$\\displaystyle \\text{Fehlerfunktional} = 129715514.75852662$"
      ],
      "text/plain": [
       "<IPython.core.display.Math object>"
      ]
     },
     "metadata": {},
     "output_type": "display_data"
    },
    {
     "name": "stdout",
     "output_type": "stream",
     "text": [
      "-----------------------------------------\n",
      "\n"
     ]
    },
    {
     "data": {
      "text/latex": [
       "$\\displaystyle \\text{Iteration: } 2$"
      ],
      "text/plain": [
       "<IPython.core.display.Math object>"
      ]
     },
     "metadata": {},
     "output_type": "display_data"
    },
    {
     "data": {
      "text/latex": [
       "$\\displaystyle \\text{{QR-Zerlegung von }} Dg(\\lambda_{1}) = Q_1 \\cdot R_1:$"
      ],
      "text/plain": [
       "<IPython.core.display.Math object>"
      ]
     },
     "metadata": {},
     "output_type": "display_data"
    },
    {
     "data": {
      "text/latex": [
       "$\\displaystyle \\text{{Q}}_1= \\left[\\begin{matrix}0 & -0.0341992042929112 & 0.195786254509872\\\\0.044780687319085 & -0.982239803284102 & 0.169001187999027\\\\0.541144402008253 & -0.126723312588702 & -0.815589705953523\\\\0.593271210634923 & 0.092577805632451 & 0.341764618495815\\\\0.594295126052817 & 0.0969842008832694 & 0.388737338169321\\end{matrix}\\right]$"
      ],
      "text/plain": [
       "<IPython.core.display.Math object>"
      ]
     },
     "metadata": {},
     "output_type": "display_data"
    },
    {
     "data": {
      "text/latex": [
       "$\\displaystyle \\text{{R}}_1= \\left[\\begin{matrix}-1.6826114940346 & -4.77570521856512 & -21631.3973282528\\\\0 & 29.240446398552 & 77819.0361076426\\\\0 & 0 & 13593.1356385824\\end{matrix}\\right]$"
      ],
      "text/plain": [
       "<IPython.core.display.Math object>"
      ]
     },
     "metadata": {},
     "output_type": "display_data"
    },
    {
     "data": {
      "text/latex": [
       "$\\displaystyle Dg(\\lambda_{1}) = \\left[\\begin{matrix}0 & -1.0 & 0\\\\-0.0753484991938618 & -28.9349896805738 & -75108.3674866084\\\\-0.910535790751566 & -6.28979237386501 & -32653.6171082783\\\\-0.998244958094141 & -0.126272053362397 & -983.316865697612\\\\-0.99996780994521 & -0.00231700742461292 & -24.0576059695455\\end{matrix}\\right]$"
      ],
      "text/plain": [
       "<IPython.core.display.Math object>"
      ]
     },
     "metadata": {},
     "output_type": "display_data"
    },
    {
     "name": "stdout",
     "output_type": "stream",
     "text": [
      "\n"
     ]
    },
    {
     "data": {
      "text/latex": [
       "$\\displaystyle \\text{{Auflösen nach }} \\delta_1\\text{{ mit }} R_1\\cdot \\delta_1= -Q_1^T \\cdot g(\\lambda_1):$"
      ],
      "text/plain": [
       "<IPython.core.display.Math object>"
      ]
     },
     "metadata": {},
     "output_type": "display_data"
    },
    {
     "data": {
      "text/latex": [
       "$\\displaystyle Q_1^T\\left[\\begin{matrix}0 & 0.044780687319085 & 0.541144402008253 & 0.593271210634923 & 0.594295126052817\\\\-0.0341992042929112 & -0.982239803284102 & -0.126723312588702 & 0.092577805632451 & 0.0969842008832694\\\\0.195786254509872 & 0.169001187999027 & -0.815589705953523 & 0.341764618495815 & 0.388737338169321\\end{matrix}\\right]$"
      ],
      "text/plain": [
       "<IPython.core.display.Math object>"
      ]
     },
     "metadata": {},
     "output_type": "display_data"
    },
    {
     "data": {
      "text/latex": [
       "$\\displaystyle -Q_1^T\\left[\\begin{matrix}0 & -0.044780687319085 & -0.541144402008253 & -0.593271210634923 & -0.594295126052817\\\\0.0341992042929112 & 0.982239803284102 & 0.126723312588702 & -0.092577805632451 & -0.0969842008832694\\\\-0.195786254509872 & -0.169001187999027 & 0.815589705953523 & -0.341764618495815 & -0.388737338169321\\end{matrix}\\right]$"
      ],
      "text/plain": [
       "<IPython.core.display.Math object>"
      ]
     },
     "metadata": {},
     "output_type": "display_data"
    },
    {
     "data": {
      "text/latex": [
       "$\\displaystyle g(\\lambda_1) = \\left[\\begin{matrix}-157.713146350602\\\\-5348.78089715645\\\\-9765.43107313978\\\\-907.943888336453\\\\2212.05291247691\\end{matrix}\\right]$"
      ],
      "text/plain": [
       "<IPython.core.display.Math object>"
      ]
     },
     "metadata": {},
     "output_type": "display_data"
    },
    {
     "data": {
      "text/latex": [
       "$\\displaystyle \\delta_1 = \\left[\\begin{matrix}777.879223298893\\\\1257.29093467658\\\\-0.557587397880044\\end{matrix}\\right]$"
      ],
      "text/plain": [
       "<IPython.core.display.Math object>"
      ]
     },
     "metadata": {},
     "output_type": "display_data"
    },
    {
     "name": "stdout",
     "output_type": "stream",
     "text": [
      "\n"
     ]
    },
    {
     "data": {
      "text/latex": [
       "$\\displaystyle \\text{Aktuelles } p: 0$"
      ],
      "text/plain": [
       "<IPython.core.display.Math object>"
      ]
     },
     "metadata": {},
     "output_type": "display_data"
    },
    {
     "data": {
      "text/latex": [
       "$\\displaystyle \\text{Aktuelles } p: 1$"
      ],
      "text/plain": [
       "<IPython.core.display.Math object>"
      ]
     },
     "metadata": {},
     "output_type": "display_data"
    },
    {
     "data": {
      "text/latex": [
       "$\\displaystyle \\text{Optimales } p: 2$"
      ],
      "text/plain": [
       "<IPython.core.display.Math object>"
      ]
     },
     "metadata": {},
     "output_type": "display_data"
    },
    {
     "data": {
      "text/latex": [
       "$\\displaystyle \\text{{Lambda berechnen: }} \\lambda_2 = \\lambda_1 + \\frac{{\\delta_1}}{{2^2}}$"
      ],
      "text/plain": [
       "<IPython.core.display.Math object>"
      ]
     },
     "metadata": {},
     "output_type": "display_data"
    },
    {
     "data": {
      "text/latex": [
       "$\\displaystyle \\left[\\begin{matrix}26785.3766945201\\\\186.713146350602\\\\0.285705760180463\\end{matrix}\\right] + \\frac{{\\left[\\begin{matrix}777.879223298893\\\\1257.29093467658\\\\-0.557587397880044\\end{matrix}\\right]}}{{2^2}} = \\left[\\begin{matrix}26979.8465003448\\\\501.035880019746\\\\0.146308910710451\\end{matrix}\\right]$"
      ],
      "text/plain": [
       "<IPython.core.display.Math object>"
      ]
     },
     "metadata": {},
     "output_type": "display_data"
    },
    {
     "name": "stdout",
     "output_type": "stream",
     "text": [
      "\n"
     ]
    },
    {
     "data": {
      "text/latex": [
       "$\\displaystyle \\lambda_{2} = 26979.85, 501.04, 0.15$"
      ],
      "text/plain": [
       "<IPython.core.display.Math object>"
      ]
     },
     "metadata": {},
     "output_type": "display_data"
    },
    {
     "data": {
      "text/latex": [
       "$\\displaystyle \\text{Inkrement} = 369.61778327108533$"
      ],
      "text/plain": [
       "<IPython.core.display.Math object>"
      ]
     },
     "metadata": {},
     "output_type": "display_data"
    },
    {
     "data": {
      "text/latex": [
       "$\\displaystyle \\text{Fehlerfunktional} = 12607985.590128211$"
      ],
      "text/plain": [
       "<IPython.core.display.Math object>"
      ]
     },
     "metadata": {},
     "output_type": "display_data"
    },
    {
     "name": "stdout",
     "output_type": "stream",
     "text": [
      "-----------------------------------------\n",
      "\n"
     ]
    },
    {
     "data": {
      "text/latex": [
       "$\\displaystyle \\text{Iteration: } 3$"
      ],
      "text/plain": [
       "<IPython.core.display.Math object>"
      ]
     },
     "metadata": {},
     "output_type": "display_data"
    },
    {
     "data": {
      "text/latex": [
       "$\\displaystyle \\text{{QR-Zerlegung von }} Dg(\\lambda_{2}) = Q_2 \\cdot R_2:$"
      ],
      "text/plain": [
       "<IPython.core.display.Math object>"
      ]
     },
     "metadata": {},
     "output_type": "display_data"
    },
    {
     "data": {
      "text/latex": [
       "$\\displaystyle \\text{{Q}}_2= \\left[\\begin{matrix}0 & -0.069737464552387 & 0.274847360225866\\\\0.0110400883826406 & -0.421790326693579 & 0.756247655527815\\\\0.215642681791819 & -0.851464350185779 & -0.237729547092346\\\\0.623153585057695 & -0.0575889981080529 & -0.389454450853527\\\\0.751702041814361 & 0.298197206568319 & 0.379945134506552\\end{matrix}\\right]$"
      ],
      "text/plain": [
       "<IPython.core.display.Math object>"
      ]
     },
     "metadata": {},
     "output_type": "display_data"
    },
    {
     "data": {
      "text/latex": [
       "$\\displaystyle \\text{{R}}_2= \\left[\\begin{matrix}-1.29191439495846 & -6.72449397444639 & -121700.454891182\\\\0 & 14.3394946521005 & 177485.960696693\\\\0 & 0 & 45033.7994240162\\end{matrix}\\right]$"
      ],
      "text/plain": [
       "<IPython.core.display.Math object>"
      ]
     },
     "metadata": {},
     "output_type": "display_data"
    },
    {
     "data": {
      "text/latex": [
       "$\\displaystyle Dg(\\lambda_{2}) = \\left[\\begin{matrix}0 & -1.0 & 0\\\\-0.0142628491031472 & -6.12249914173671 & -42148.7398900659\\\\-0.278591884774298 & -13.6596564102857 & -188072.645400646\\\\-0.805061086806009 & -5.01618965826538 & -103597.927047888\\\\-0.971134688539642 & -0.778818601902014 & -21446.2897670909\\end{matrix}\\right]$"
      ],
      "text/plain": [
       "<IPython.core.display.Math object>"
      ]
     },
     "metadata": {},
     "output_type": "display_data"
    },
    {
     "name": "stdout",
     "output_type": "stream",
     "text": [
      "\n"
     ]
    },
    {
     "data": {
      "text/latex": [
       "$\\displaystyle \\text{{Auflösen nach }} \\delta_2\\text{{ mit }} R_2\\cdot \\delta_2= -Q_2^T \\cdot g(\\lambda_2):$"
      ],
      "text/plain": [
       "<IPython.core.display.Math object>"
      ]
     },
     "metadata": {},
     "output_type": "display_data"
    },
    {
     "data": {
      "text/latex": [
       "$\\displaystyle Q_2^T\\left[\\begin{matrix}0 & 0.0110400883826406 & 0.215642681791819 & 0.623153585057695 & 0.751702041814361\\\\-0.069737464552387 & -0.421790326693579 & -0.851464350185779 & -0.0575889981080529 & 0.298197206568319\\\\0.274847360225866 & 0.756247655527815 & -0.237729547092346 & -0.389454450853527 & 0.379945134506552\\end{matrix}\\right]$"
      ],
      "text/plain": [
       "<IPython.core.display.Math object>"
      ]
     },
     "metadata": {},
     "output_type": "display_data"
    },
    {
     "data": {
      "text/latex": [
       "$\\displaystyle -Q_2^T\\left[\\begin{matrix}0 & -0.0110400883826406 & -0.215642681791819 & -0.623153585057695 & -0.751702041814361\\\\0.069737464552387 & 0.421790326693579 & 0.851464350185779 & 0.0575889981080529 & -0.298197206568319\\\\-0.274847360225866 & -0.756247655527815 & 0.237729547092346 & 0.389454450853527 & -0.379945134506552\\end{matrix}\\right]$"
      ],
      "text/plain": [
       "<IPython.core.display.Math object>"
      ]
     },
     "metadata": {},
     "output_type": "display_data"
    },
    {
     "data": {
      "text/latex": [
       "$\\displaystyle g(\\lambda_2) = \\left[\\begin{matrix}-472.035880019746\\\\-1380.40122486068\\\\1437.6557422528\\\\1620.28445479815\\\\2405.71910846057\\end{matrix}\\right]$"
      ],
      "text/plain": [
       "<IPython.core.display.Math object>"
      ]
     },
     "metadata": {},
     "output_type": "display_data"
    },
    {
     "data": {
      "text/latex": [
       "$\\displaystyle \\delta_2 = \\left[\\begin{matrix}1600.09375689566\\\\-339.78194005278\\\\0.0273666000228275\\end{matrix}\\right]$"
      ],
      "text/plain": [
       "<IPython.core.display.Math object>"
      ]
     },
     "metadata": {},
     "output_type": "display_data"
    },
    {
     "name": "stdout",
     "output_type": "stream",
     "text": [
      "\n"
     ]
    },
    {
     "data": {
      "text/latex": [
       "$\\displaystyle \\text{Aktuelles } p: 0$"
      ],
      "text/plain": [
       "<IPython.core.display.Math object>"
      ]
     },
     "metadata": {},
     "output_type": "display_data"
    },
    {
     "data": {
      "text/latex": [
       "$\\displaystyle \\text{Optimales } p: 1$"
      ],
      "text/plain": [
       "<IPython.core.display.Math object>"
      ]
     },
     "metadata": {},
     "output_type": "display_data"
    },
    {
     "data": {
      "text/latex": [
       "$\\displaystyle \\text{{Lambda berechnen: }} \\lambda_3 = \\lambda_2 + \\frac{{\\delta_2}}{{2^1}}$"
      ],
      "text/plain": [
       "<IPython.core.display.Math object>"
      ]
     },
     "metadata": {},
     "output_type": "display_data"
    },
    {
     "data": {
      "text/latex": [
       "$\\displaystyle \\left[\\begin{matrix}26979.8465003448\\\\501.035880019746\\\\0.146308910710451\\end{matrix}\\right] + \\frac{{\\left[\\begin{matrix}1600.09375689566\\\\-339.78194005278\\\\0.0273666000228275\\end{matrix}\\right]}}{{2^1}} = \\left[\\begin{matrix}27779.8933787927\\\\331.144909993356\\\\0.159992210721865\\end{matrix}\\right]$"
      ],
      "text/plain": [
       "<IPython.core.display.Math object>"
      ]
     },
     "metadata": {},
     "output_type": "display_data"
    },
    {
     "name": "stdout",
     "output_type": "stream",
     "text": [
      "\n"
     ]
    },
    {
     "data": {
      "text/latex": [
       "$\\displaystyle \\lambda_{3} = 27779.89, 331.14, 0.16$"
      ],
      "text/plain": [
       "<IPython.core.display.Math object>"
      ]
     },
     "metadata": {},
     "output_type": "display_data"
    },
    {
     "data": {
      "text/latex": [
       "$\\displaystyle \\text{Inkrement} = 817.8862693540327$"
      ],
      "text/plain": [
       "<IPython.core.display.Math object>"
      ]
     },
     "metadata": {},
     "output_type": "display_data"
    },
    {
     "data": {
      "text/latex": [
       "$\\displaystyle \\text{Fehlerfunktional} = 5480227.440094742$"
      ],
      "text/plain": [
       "<IPython.core.display.Math object>"
      ]
     },
     "metadata": {},
     "output_type": "display_data"
    },
    {
     "name": "stdout",
     "output_type": "stream",
     "text": [
      "-----------------------------------------\n",
      "\n"
     ]
    },
    {
     "data": {
      "text/latex": [
       "$\\displaystyle \\text{Iteration: } 4$"
      ],
      "text/plain": [
       "<IPython.core.display.Math object>"
      ]
     },
     "metadata": {},
     "output_type": "display_data"
    },
    {
     "data": {
      "text/latex": [
       "$\\displaystyle \\text{{QR-Zerlegung von }} Dg(\\lambda_{3}) = Q_3 \\cdot R_3:$"
      ],
      "text/plain": [
       "<IPython.core.display.Math object>"
      ]
     },
     "metadata": {},
     "output_type": "display_data"
    },
    {
     "data": {
      "text/latex": [
       "$\\displaystyle \\text{{Q}}_3= \\left[\\begin{matrix}0 & -0.0460120032720491 & 0.214811689574968\\\\0.00708083798716208 & -0.354063966428731 & 0.777675522198981\\\\0.201038912543871 & -0.88861346857601 & -0.174746626756695\\\\0.631434206249019 & -0.0494805398182983 & -0.411370263225735\\\\0.748881873565684 & 0.28361837542065 & 0.38641278856326\\end{matrix}\\right]$"
      ],
      "text/plain": [
       "<IPython.core.display.Math object>"
      ]
     },
     "metadata": {},
     "output_type": "display_data"
    },
    {
     "data": {
      "text/latex": [
       "$\\displaystyle \\text{{R}}_3= \\left[\\begin{matrix}-1.30715751363336 & -9.41322684786396 & -112365.122720243\\\\0 & 21.7334592907732 & 185392.073967263\\\\0 & 0 & 39710.4120863805\\end{matrix}\\right]$"
      ],
      "text/plain": [
       "<IPython.core.display.Math object>"
      ]
     },
     "metadata": {},
     "output_type": "display_data"
    },
    {
     "data": {
      "text/latex": [
       "$\\displaystyle Dg(\\lambda_{3}) = \\left[\\begin{matrix}1.73472347597681 \\cdot 10^{-18} & -1.0 & 0\\\\-0.00925577057773941 & -7.76168833495464 & -35554.4768266746\\\\-0.2627895250644 & -21.2050695335528 & -194270.916533299\\\\-0.82538396706352 & -7.0192167207494 & -96460.1646456408\\\\-0.97890656785521 & -0.885386541807236 & -16222.9937224187\\end{matrix}\\right]$"
      ],
      "text/plain": [
       "<IPython.core.display.Math object>"
      ]
     },
     "metadata": {},
     "output_type": "display_data"
    },
    {
     "name": "stdout",
     "output_type": "stream",
     "text": [
      "\n"
     ]
    },
    {
     "data": {
      "text/latex": [
       "$\\displaystyle \\text{{Auflösen nach }} \\delta_3\\text{{ mit }} R_3\\cdot \\delta_3= -Q_3^T \\cdot g(\\lambda_3):$"
      ],
      "text/plain": [
       "<IPython.core.display.Math object>"
      ]
     },
     "metadata": {},
     "output_type": "display_data"
    },
    {
     "data": {
      "text/latex": [
       "$\\displaystyle Q_3^T\\left[\\begin{matrix}0 & 0.00708083798716208 & 0.201038912543871 & 0.631434206249019 & 0.748881873565684\\\\-0.0460120032720491 & -0.354063966428731 & -0.88861346857601 & -0.0494805398182983 & 0.28361837542065\\\\0.214811689574968 & 0.777675522198981 & -0.174746626756695 & -0.411370263225735 & 0.38641278856326\\end{matrix}\\right]$"
      ],
      "text/plain": [
       "<IPython.core.display.Math object>"
      ]
     },
     "metadata": {},
     "output_type": "display_data"
    },
    {
     "data": {
      "text/latex": [
       "$\\displaystyle -Q_3^T\\left[\\begin{matrix}0 & -0.00708083798716208 & -0.201038912543871 & -0.631434206249019 & -0.748881873565684\\\\0.0460120032720491 & 0.354063966428731 & 0.88861346857601 & 0.0494805398182983 & -0.28361837542065\\\\-0.214811689574968 & -0.777675522198981 & 0.174746626756695 & 0.411370263225735 & -0.38641278856326\\end{matrix}\\right]$"
      ],
      "text/plain": [
       "<IPython.core.display.Math object>"
      ]
     },
     "metadata": {},
     "output_type": "display_data"
    },
    {
     "data": {
      "text/latex": [
       "$\\displaystyle g(\\lambda_3) = \\left[\\begin{matrix}-302.144909993356\\\\-755.3679048632\\\\1475.78417055622\\\\600.543509194082\\\\1509.88867048633\\end{matrix}\\right]$"
      ],
      "text/plain": [
       "<IPython.core.display.Math object>"
      ]
     },
     "metadata": {},
     "output_type": "display_data"
    },
    {
     "data": {
      "text/latex": [
       "$\\displaystyle \\delta_3 = \\left[\\begin{matrix}814.248562814648\\\\-94.2070686792697\\\\0.0144503447289684\\end{matrix}\\right]$"
      ],
      "text/plain": [
       "<IPython.core.display.Math object>"
      ]
     },
     "metadata": {},
     "output_type": "display_data"
    },
    {
     "name": "stdout",
     "output_type": "stream",
     "text": [
      "\n"
     ]
    },
    {
     "data": {
      "text/latex": [
       "$\\displaystyle \\text{Optimales } p: 0$"
      ],
      "text/plain": [
       "<IPython.core.display.Math object>"
      ]
     },
     "metadata": {},
     "output_type": "display_data"
    },
    {
     "data": {
      "text/latex": [
       "$\\displaystyle \\text{{Lambda berechnen: }} \\lambda_4 = \\lambda_3 + \\frac{{\\delta_3}}{{2^0}}$"
      ],
      "text/plain": [
       "<IPython.core.display.Math object>"
      ]
     },
     "metadata": {},
     "output_type": "display_data"
    },
    {
     "data": {
      "text/latex": [
       "$\\displaystyle \\left[\\begin{matrix}27779.8933787927\\\\331.144909993356\\\\0.159992210721865\\end{matrix}\\right] + \\frac{{\\left[\\begin{matrix}814.248562814648\\\\-94.2070686792697\\\\0.0144503447289684\\end{matrix}\\right]}}{{2^0}} = \\left[\\begin{matrix}28594.1419416073\\\\236.937841314086\\\\0.174442555450834\\end{matrix}\\right]$"
      ],
      "text/plain": [
       "<IPython.core.display.Math object>"
      ]
     },
     "metadata": {},
     "output_type": "display_data"
    },
    {
     "name": "stdout",
     "output_type": "stream",
     "text": [
      "\n"
     ]
    },
    {
     "data": {
      "text/latex": [
       "$\\displaystyle \\lambda_{4} = 28594.14, 236.94, 0.17$"
      ],
      "text/plain": [
       "<IPython.core.display.Math object>"
      ]
     },
     "metadata": {},
     "output_type": "display_data"
    },
    {
     "data": {
      "text/latex": [
       "$\\displaystyle \\text{Inkrement} = 819.6802389003117$"
      ],
      "text/plain": [
       "<IPython.core.display.Math object>"
      ]
     },
     "metadata": {},
     "output_type": "display_data"
    },
    {
     "data": {
      "text/latex": [
       "$\\displaystyle \\text{Fehlerfunktional} = 1639299.9637569177$"
      ],
      "text/plain": [
       "<IPython.core.display.Math object>"
      ]
     },
     "metadata": {},
     "output_type": "display_data"
    },
    {
     "name": "stdout",
     "output_type": "stream",
     "text": [
      "-----------------------------------------\n",
      "\n"
     ]
    },
    {
     "data": {
      "text/latex": [
       "$\\displaystyle \\text{Iteration: } 5$"
      ],
      "text/plain": [
       "<IPython.core.display.Math object>"
      ]
     },
     "metadata": {},
     "output_type": "display_data"
    },
    {
     "data": {
      "text/latex": [
       "$\\displaystyle \\text{{QR-Zerlegung von }} Dg(\\lambda_{4}) = Q_4 \\cdot R_4:$"
      ],
      "text/plain": [
       "<IPython.core.display.Math object>"
      ]
     },
     "metadata": {},
     "output_type": "display_data"
    },
    {
     "data": {
      "text/latex": [
       "$\\displaystyle \\text{{Q}}_4= \\left[\\begin{matrix}0 & -0.0326637789901329 & 0.175543454690614\\\\0.00524998097999932 & -0.315782735526613 & 0.80675801236516\\\\0.204619876907968 & -0.909990466438439 & -0.170384505737816\\\\0.642739963767951 & -0.0136489502629897 & -0.384422029742475\\\\0.738233352436377 & 0.266355774544656 & 0.376184566739596\\end{matrix}\\right]$"
      ],
      "text/plain": [
       "<IPython.core.display.Math object>"
      ]
     },
     "metadata": {},
     "output_type": "display_data"
    },
    {
     "data": {
      "text/latex": [
       "$\\displaystyle \\text{{R}}_4= \\left[\\begin{matrix}-1.33614788830176 & -12.1592845177681 & -101231.442077882\\\\0 & 30.6149512064137 & 190029.727303172\\\\0 & 0 & 35359.2734353195\\end{matrix}\\right]$"
      ],
      "text/plain": [
       "<IPython.core.display.Math object>"
      ]
     },
     "metadata": {},
     "output_type": "display_data"
    },
    {
     "data": {
      "text/latex": [
       "$\\displaystyle Dg(\\lambda_{4}) = \\left[\\begin{matrix}0 & -1.0 & 0\\\\-0.0070147510000505 & -9.73150905242379 & -32013.1931093041\\\\-0.273402416435147 & -30.3473450296291 & -199663.8777305\\\\-0.858795645315697 & -8.23312003671464 & -81252.0833739905\\\\-0.986388934931794 & -0.82192033154847 & -10815.2986972852\\end{matrix}\\right]$"
      ],
      "text/plain": [
       "<IPython.core.display.Math object>"
      ]
     },
     "metadata": {},
     "output_type": "display_data"
    },
    {
     "name": "stdout",
     "output_type": "stream",
     "text": [
      "\n"
     ]
    },
    {
     "data": {
      "text/latex": [
       "$\\displaystyle \\text{{Auflösen nach }} \\delta_4\\text{{ mit }} R_4\\cdot \\delta_4= -Q_4^T \\cdot g(\\lambda_4):$"
      ],
      "text/plain": [
       "<IPython.core.display.Math object>"
      ]
     },
     "metadata": {},
     "output_type": "display_data"
    },
    {
     "data": {
      "text/latex": [
       "$\\displaystyle Q_4^T\\left[\\begin{matrix}0 & 0.00524998097999932 & 0.204619876907968 & 0.642739963767951 & 0.738233352436377\\\\-0.0326637789901329 & -0.315782735526613 & -0.909990466438439 & -0.0136489502629897 & 0.266355774544656\\\\0.175543454690614 & 0.80675801236516 & -0.170384505737816 & -0.384422029742475 & 0.376184566739596\\end{matrix}\\right]$"
      ],
      "text/plain": [
       "<IPython.core.display.Math object>"
      ]
     },
     "metadata": {},
     "output_type": "display_data"
    },
    {
     "data": {
      "text/latex": [
       "$\\displaystyle -Q_4^T\\left[\\begin{matrix}0 & -0.00524998097999932 & -0.204619876907968 & -0.642739963767951 & -0.738233352436377\\\\0.0326637789901329 & 0.315782735526613 & 0.909990466438439 & 0.0136489502629897 & -0.266355774544656\\\\-0.175543454690614 & -0.80675801236516 & 0.170384505737816 & 0.384422029742475 & -0.376184566739596\\end{matrix}\\right]$"
      ],
      "text/plain": [
       "<IPython.core.display.Math object>"
      ]
     },
     "metadata": {},
     "output_type": "display_data"
    },
    {
     "data": {
      "text/latex": [
       "$\\displaystyle g(\\lambda_4) = \\left[\\begin{matrix}-207.937841314086\\\\-434.343533390255\\\\789.858076340888\\\\-653.262269770199\\\\597.310755840193\\end{matrix}\\right]$"
      ],
      "text/plain": [
       "<IPython.core.display.Math object>"
      ]
     },
     "metadata": {},
     "output_type": "display_data"
    },
    {
     "data": {
      "text/latex": [
       "$\\displaystyle \\delta_4 = \\left[\\begin{matrix}-10.7884729785302\\\\5.27153648352193\\\\0.00129143872644275\\end{matrix}\\right]$"
      ],
      "text/plain": [
       "<IPython.core.display.Math object>"
      ]
     },
     "metadata": {},
     "output_type": "display_data"
    },
    {
     "name": "stdout",
     "output_type": "stream",
     "text": [
      "\n"
     ]
    },
    {
     "data": {
      "text/latex": [
       "$\\displaystyle \\text{Optimales } p: 0$"
      ],
      "text/plain": [
       "<IPython.core.display.Math object>"
      ]
     },
     "metadata": {},
     "output_type": "display_data"
    },
    {
     "data": {
      "text/latex": [
       "$\\displaystyle \\text{{Lambda berechnen: }} \\lambda_5 = \\lambda_4 + \\frac{{\\delta_4}}{{2^0}}$"
      ],
      "text/plain": [
       "<IPython.core.display.Math object>"
      ]
     },
     "metadata": {},
     "output_type": "display_data"
    },
    {
     "data": {
      "text/latex": [
       "$\\displaystyle \\left[\\begin{matrix}28594.1419416073\\\\236.937841314086\\\\0.174442555450834\\end{matrix}\\right] + \\frac{{\\left[\\begin{matrix}-10.7884729785302\\\\5.27153648352193\\\\0.00129143872644275\\end{matrix}\\right]}}{{2^0}} = \\left[\\begin{matrix}28583.3534686288\\\\242.209377797608\\\\0.175733994177276\\end{matrix}\\right]$"
      ],
      "text/plain": [
       "<IPython.core.display.Math object>"
      ]
     },
     "metadata": {},
     "output_type": "display_data"
    },
    {
     "name": "stdout",
     "output_type": "stream",
     "text": [
      "\n"
     ]
    },
    {
     "data": {
      "text/latex": [
       "$\\displaystyle \\lambda_{5} = 28583.35, 242.21, 0.18$"
      ],
      "text/plain": [
       "<IPython.core.display.Math object>"
      ]
     },
     "metadata": {},
     "output_type": "display_data"
    },
    {
     "data": {
      "text/latex": [
       "$\\displaystyle \\text{Inkrement} = 12.007507975154299$"
      ],
      "text/plain": [
       "<IPython.core.display.Math object>"
      ]
     },
     "metadata": {},
     "output_type": "display_data"
    },
    {
     "data": {
      "text/latex": [
       "$\\displaystyle \\text{Fehlerfunktional} = 1434840.5839880628$"
      ],
      "text/plain": [
       "<IPython.core.display.Math object>"
      ]
     },
     "metadata": {},
     "output_type": "display_data"
    },
    {
     "name": "stdout",
     "output_type": "stream",
     "text": [
      "-----------------------------------------\n",
      "\n"
     ]
    },
    {
     "data": {
      "text/latex": [
       "$\\displaystyle \\text{Iteration: } 6$"
      ],
      "text/plain": [
       "<IPython.core.display.Math object>"
      ]
     },
     "metadata": {},
     "output_type": "display_data"
    },
    {
     "data": {
      "text/latex": [
       "$\\displaystyle \\text{{QR-Zerlegung von }} Dg(\\lambda_{5}) = Q_5 \\cdot R_5:$"
      ],
      "text/plain": [
       "<IPython.core.display.Math object>"
      ]
     },
     "metadata": {},
     "output_type": "display_data"
    },
    {
     "data": {
      "text/latex": [
       "$\\displaystyle \\text{{Q}}_5= \\left[\\begin{matrix}0 & -0.0335137069007906 & 0.177610450950953\\\\0.0056202464244808 & -0.327589344047446 & 0.820125697522246\\\\0.214600661518031 & -0.906118484631556 & -0.197715364454761\\\\0.644838141777491 & 0.00234966360291996 & -0.353893134724918\\\\0.733552138443549 & 0.265529327958887 & 0.362652246414855\\end{matrix}\\right]$"
      ],
      "text/plain": [
       "<IPython.core.display.Math object>"
      ]
     },
     "metadata": {},
     "output_type": "display_data"
    },
    {
     "data": {
      "text/latex": [
       "$\\displaystyle \\text{{R}}_5= \\left[\\begin{matrix}-1.3463371695038 & -11.7987714558682 & -99107.7408531324\\\\0 & 29.8385374963225 & 188214.986272497\\\\0 & 0 & 35514.7000106128\\end{matrix}\\right]$"
      ],
      "text/plain": [
       "<IPython.core.display.Math object>"
      ]
     },
     "metadata": {},
     "output_type": "display_data"
    },
    {
     "data": {
      "text/latex": [
       "$\\displaystyle Dg(\\lambda_{5}) = \\left[\\begin{matrix}0 & -1.0 & 0\\\\-0.00756674666304935 & -9.84109892884352 & -33087.7157005774\\\\-0.28892484720183 & -29.569274539319 & -198835.466750923\\\\-0.8681695585888 & -7.53818733533989 & -76034.6180603013\\\\-0.987608509755549 & -0.732007223784282 & -9844.61068279882\\end{matrix}\\right]$"
      ],
      "text/plain": [
       "<IPython.core.display.Math object>"
      ]
     },
     "metadata": {},
     "output_type": "display_data"
    },
    {
     "name": "stdout",
     "output_type": "stream",
     "text": [
      "\n"
     ]
    },
    {
     "data": {
      "text/latex": [
       "$\\displaystyle \\text{{Auflösen nach }} \\delta_5\\text{{ mit }} R_5\\cdot \\delta_5= -Q_5^T \\cdot g(\\lambda_5):$"
      ],
      "text/plain": [
       "<IPython.core.display.Math object>"
      ]
     },
     "metadata": {},
     "output_type": "display_data"
    },
    {
     "data": {
      "text/latex": [
       "$\\displaystyle Q_5^T\\left[\\begin{matrix}0 & 0.0056202464244808 & 0.214600661518031 & 0.644838141777491 & 0.733552138443549\\\\-0.0335137069007906 & -0.327589344047446 & -0.906118484631556 & 0.00234966360291996 & 0.265529327958887\\\\0.177610450950953 & 0.820125697522246 & -0.197715364454761 & -0.353893134724918 & 0.362652246414855\\end{matrix}\\right]$"
      ],
      "text/plain": [
       "<IPython.core.display.Math object>"
      ]
     },
     "metadata": {},
     "output_type": "display_data"
    },
    {
     "data": {
      "text/latex": [
       "$\\displaystyle -Q_5^T\\left[\\begin{matrix}0 & -0.0056202464244808 & -0.214600661518031 & -0.644838141777491 & -0.733552138443549\\\\0.0335137069007906 & 0.327589344047446 & 0.906118484631556 & -0.00234966360291996 & -0.265529327958887\\\\-0.177610450950953 & -0.820125697522246 & 0.197715364454761 & 0.353893134724918 & -0.362652246414855\\end{matrix}\\right]$"
      ],
      "text/plain": [
       "<IPython.core.display.Math object>"
      ]
     },
     "metadata": {},
     "output_type": "display_data"
    },
    {
     "data": {
      "text/latex": [
       "$\\displaystyle g(\\lambda_5) = \\left[\\begin{matrix}-213.209377797608\\\\-527.889442877402\\\\377.603378465432\\\\-787.017028061553\\\\590.537862815298\\end{matrix}\\right]$"
      ],
      "text/plain": [
       "<IPython.core.display.Math object>"
      ]
     },
     "metadata": {},
     "output_type": "display_data"
    },
    {
     "data": {
      "text/latex": [
       "$\\displaystyle \\delta_5 = \\left[\\begin{matrix}-26.5475981116564\\\\-9.13599688391197\\\\0.001486204168509\\end{matrix}\\right]$"
      ],
      "text/plain": [
       "<IPython.core.display.Math object>"
      ]
     },
     "metadata": {},
     "output_type": "display_data"
    },
    {
     "name": "stdout",
     "output_type": "stream",
     "text": [
      "\n"
     ]
    },
    {
     "data": {
      "text/latex": [
       "$\\displaystyle \\text{Optimales } p: 0$"
      ],
      "text/plain": [
       "<IPython.core.display.Math object>"
      ]
     },
     "metadata": {},
     "output_type": "display_data"
    },
    {
     "data": {
      "text/latex": [
       "$\\displaystyle \\text{{Lambda berechnen: }} \\lambda_6 = \\lambda_5 + \\frac{{\\delta_5}}{{2^0}}$"
      ],
      "text/plain": [
       "<IPython.core.display.Math object>"
      ]
     },
     "metadata": {},
     "output_type": "display_data"
    },
    {
     "data": {
      "text/latex": [
       "$\\displaystyle \\left[\\begin{matrix}28583.3534686288\\\\242.209377797608\\\\0.175733994177276\\end{matrix}\\right] + \\frac{{\\left[\\begin{matrix}-26.5475981116564\\\\-9.13599688391197\\\\0.001486204168509\\end{matrix}\\right]}}{{2^0}} = \\left[\\begin{matrix}28556.8058705171\\\\233.073380913696\\\\0.177220198345785\\end{matrix}\\right]$"
      ],
      "text/plain": [
       "<IPython.core.display.Math object>"
      ]
     },
     "metadata": {},
     "output_type": "display_data"
    },
    {
     "name": "stdout",
     "output_type": "stream",
     "text": [
      "\n"
     ]
    },
    {
     "data": {
      "text/latex": [
       "$\\displaystyle \\lambda_{6} = 28556.81, 233.07, 0.18$"
      ],
      "text/plain": [
       "<IPython.core.display.Math object>"
      ]
     },
     "metadata": {},
     "output_type": "display_data"
    },
    {
     "data": {
      "text/latex": [
       "$\\displaystyle \\text{Inkrement} = 28.075637246012363$"
